# oST version 5.0 parameters


[image]

width
752

height
480

[narrow_stereo/left]

camera matrix
461.404846 0.000000 363.465498
0.000000 460.113543 248.125966
0.000000 0.000000 1.000000

distortion
-0.288319 0.078638 0.000274 0.000019 0.000000

rectification
0.999878 -0.000566 -0.015587
0.000699 0.999963 0.008524
0.015582 -0.008534 0.999842

projection
438.500934 0.000000 384.992508 0.000000
0.000000 438.500934 255.508629 0.000000
0.000000 0.000000 1.000000 0.000000
# oST version 5.0 parameters


[image]

width
752

height
480

[narrow_stereo/right]

camera matrix
461.093461 0.000000 372.985098
0.000000 460.228662 253.716694
0.000000 0.000000 1.000000

distortion
-0.286547 0.077479 -0.000249 0.000183 0.000000

rectification
0.999729 -0.003252 -0.023046
0.003055 0.999959 -0.008565
0.023073 0.008492 0.999698

projection
438.500934 0.000000 384.992508 -48.070705
0.000000 438.500934 255.508629 0.000000
0.000000 0.000000 1.000000 0.000000
