Left:
D = [-0.2883192909630812, 0.07863806356581121, 0.0002744658556384595, 1.8554383697837245e-05, 0.0]
K = [461.4048455883663, 0.0, 363.4654982872013, 0.0, 460.11354332049075, 248.12596608631176, 0.0, 0.0, 1.0]
R = [0.9998783479919623, -0.0005660212718311321, -0.01558745767545857, 0.0006989488528077354, 0.9999634280950842, 0.008523728223525337, 0.015582063000948774, -0.008533586130531436, 0.9998421761560107]
P = [438.5009340657342, 0.0, 384.9925079345703, 0.0, 0.0, 438.5009340657342, 255.50862884521484, 0.0, 0.0, 0.0, 1.0, 0.0]

Right:
D = [-0.286546832906394, 0.07747940110229366, -0.00024927248931627905, 0.00018284002821489687, 0.0]
K = [461.09346101692677, 0.0, 372.98509783194345, 0.0, 460.2286624476771, 253.71669390976592, 0.0, 0.0, 1.0]
R = [0.9997291248137481, -0.0032520916855976276, -0.02304562645721778, 0.0030554058479049695, 0.9999586542998272, -0.008564705831685605, 0.02307252682828081, 0.00849197212355223, 0.9996977267730536]
P = [438.5009340657342, 0.0, 384.9925079345703, -48.07070505793514, 0.0, 438.5009340657342, 255.50862884521484, 0.0, 0.0, 0.0, 1.0, 0.0]
self.T = [-0.10959539686988476, 0.00035651084888290287, 0.002526378911051884]
self.R = [0.9999691588972623, 0.0022925347602415903, 0.007511693462510735, -0.0024204536632048417, 0.9998514576845399, 0.01706469953339286, -0.0074714562413174005, -0.017082354945199572, 0.9998261701371696]
