image_width: 752
image_height: 480
camera_name: narrow_stereo/right
camera_matrix:
  rows: 3
  cols: 3
  data: [461.09346,   0.     , 372.9851 ,
           0.     , 460.22866, 253.71669,
           0.     ,   0.     ,   1.     ]
distortion_model: plumb_bob
distortion_coefficients:
  rows: 1
  cols: 5
  data: [-0.286547, 0.077479, -0.000249, 0.000183, 0.000000]
rectification_matrix:
  rows: 3
  cols: 3
  data: [ 0.99972912, -0.00325209, -0.02304563,
          0.00305541,  0.99995865, -0.00856471,
          0.02307253,  0.00849197,  0.99969773]
projection_matrix:
  rows: 3
  cols: 4
  data: [438.50093,   0.     , 384.99251, -48.07071,
           0.     , 438.50093, 255.50863,   0.     ,
           0.     ,   0.     ,   1.     ,   0.     ]
